1004
1013
1034
1045
1056
1072
1075
1076
1078
1111
1115
1161
1164
1177
1203
1209
1213
1230
1239
1240
1246
1254
1279
1281
1300
1318
1327
1356
1359
1372
1380
1408
1410
1440
1447
1449
1465
1468
1478
1487
1500
1554
1567
1573
1581
1585
1587
1594
1598
1602
1608
1632
1633
1651
1655
1659
1661
1663
1677
1678
1686
1690
1704
1706
1722
1743
1762
1766
1773
1786
1789
1794
1831
1837
1848
1860
1878
1891
1913
1919
1920
1926
1943
1968
1976
1979
1981
1988
1989
1995
2006
2008
2025
2034
2044
2049
2054
2080
2085
2086
2101
2111
2124
2136
2146
2150
2154
2169
2176
2184
2189
2193
2220
2222
2226
2255
2259
2269
2270
2271
2282
2285
2290
2308
2312
2328
2337
2346
2393
2403
2435
2436
2437
2439
2444
2448
2484
2489
2490
2497
2498
2504
2518
2536
2537
2538
2547
2555
2558
2562
2574
2577
2593
2596
2663
2710
2751
2771
2783
2787
2797
2802
2803
2807
2811
2812
2817
2818
2845
2846
2847
2856
2859
2860
2870
2884
2888
2916
2917
2938
2940
2942
2950
2953
2960
2982
2991
3007
3011
3024
3026
3036
3041
3054
3062
3063
3087
3093
3103
3105
3107
3121
3126
3130
3138
3144
3157
3158
3170
3206
3216
3221
3226
3230
3243
3246
3255
3265
3273
3278
3282
3310
3333
3336
3342
3358
3362
3373
3413
3416
3419
3422
3424
3439
3480
3497
3502
3504
3505
3532
3555
3562
3570
3580
3607
3612
3619
3639
3650
3662
3707
3708
3734
3735
3736
3760
3786
3813
3814
3821
3835
3848
3851
3863
3897
3905
3911
3917
3918
3937
3946
3949
3964
3969
3971
3980
4001
4029
4036
4040
4058
4060
4062
4066
4072
4078
4087
4093
4094
4103
4108
4115
4145
4189
4191
4193
4194
4199
4213
4222
4230
4241
4242
4251
4274
4279
4321
4340
4367
4371
4383
4390
4418
4423
4430
4460
4462
4476
4494
4498
4503
4510
4517
4523
4560
4598
4600
4601
4605
4608
4611
4622
4641
4675
4768
4769
4800
4802
4807
4809
4818
4834
4839
4843
4844
4847
4864
4885
4918
4926
4936
4941
4961
4973
4990
5018
5038
5046
5047
5071
5073
5074
5079
5087
5109
5116
5125
5134
5142
5161
5169
5179
5187
5229
5234
5250
5252
5256
5301
5306
5330
5338
5342
5377
5420
5439
5458
5464
5465
5476
5485
5492
5496
5503
5505
5518
5523
5526
5543
5560
5564
5568
5572
5578
5581
5589
5597
5606
5639
5643
5667
5671
5680
5686
5690
5693
5697
5709
5723
5726
5735
5742
5750
5763
5764
5772
5774
5783
5791
5803
5824
5848
5860
5862
5870
5878
5918
5959
5961
5968
5973
5978
5980
5987
6003
6008
6020
6025
6034
6036
6039
6044
6066
6078
6081
6096
6097
6102
6104
6109
6116
6127
6136
6140
6152
6158
6169
6171
6178
6196
6207
6216
6223
6226
6239
6241
6266
6268
6272
6288
6297
6301
6304
6307
6310
6326
6334
6335
6338
6346
6347
6357
6362
6370
6375
6376
6379
6386
6403
6435
6450
6461
6475
6502
6509
6528
6529
6532
6543
6547
6565
6573
6574
6617
6618
6639
6649
6653
6661
6669
6730
6731
6733
6736
6737
6742
6765
6768
6774
6781
6788
6796
6797
6802
6803
6821
6825
6829
6830
6831
6836
6845
6865
6867
6873
6900
6908
6994
7017
7022
7063
7065
7070
7085
7086
7107
7116
7127
7139
7146
7152
7154
7163
7171
7180
7186
7203
7228
7241
7250
7251
7257
7260
7267
7291
7316
7319
7331
7343
7346
7366
7401
7409
7420
7435
7437
7475
7486
7504
7506
7536
7549
7566
7574
7585
7620
7636
7637
7648
7668
7672
7679
7691
7692
7718
7723
7733
7750
7762
7772
7798
7799
7824
7835
7837
7849
7852
7862
7866
7875
7881
7883
7892
7904
7906
7912
7921
7922
7923
7938
7970
7974
7977
7985
7991
7993
8000
8001
8030
8046
8049
8062
8067
8068
8079
8092
8093
8099
8113
8123
8133
8151
8186
8193
8197
8210
8213
8215
8219
8247
8253
8264
8272
8293
8299
8304
8333
8348
8357
8358
8363
8402
8431
8440
8446
8452
8455
8457
8463
8468
8470
8475
8479
8488
8512
8530
8536
8539
8542
8543
8549
8551
8577
8579
8595
8599
8605
8606
8627
8633
8655
8657
8675
8687
8692
8694
8699
8716
8717
8745
8750
8755
8762
8787
8789
8807
8810
8818
8823
8850
8852
8858
8859
8867
8873
8898
8902
8912
8972
9004
9016
9023
9058
9063
9112
9113
9114
9155
9173
9194
9195
9203
9216
9217
9225
9248
9258
9284
9289
9293
9298
9299
9302
9308
9313
9317
9332
9340
9355
9359
9372
9380
9406
9411
9445
9459
9465
9466
9472
9483
9545
9549
9555
9563
9589
9599
9602
9611
9613
9635
9643
9667
9689
9699
9715
9742
9761
9771
9772
9774
9777
9778
9810
9815
9835
9837
9846
9849
9850
9867
9882
9890
9899
9904
9919
9963
9999
10000
10002
10005
10008
10013
10016
10033
10044
10056
10071
10085
10086
10092
10096
10097
10109
10115
10121
10124
10150
10156
10163
10190
10195
10200
10221
10232
10238
10247
10252
10266
10270
10277
10292
10301
10332
10374
10386
10391
10405
10407
10411
10420
10426
10443
10453
10466
10482
10498
10499
10507
10519
10530
10540
10541
10549
10550
10553
10565
10567
10576
10581
10588
10614
10618
10621
10631
10639
10669
10726
10735
10751
10757
10764
10787
10789
10793
10795
10801
10813
10839
10840
10857
10860
10867
10877
10884
10894
10903
10905
10920
10950
10974
10981
10983
10984
10991
10993
11012
11017
11032
11038
11040
11060
11094
11096
11113
11115
11124
11135
11142
11191
11213
11228
11234
11236
11257
11259
11261
11264
11271
11288
11296
11300
11304
11313
11315
11328
11340
11366
11376
11399
11436
11446
11450
11456
11462
11465
11483
11499
11502
11506
11509
11511
11531
11535
11537
11550
11554
11555
11559
11566
11580
11584
11600
11609
11618
11636
11649
11669
11672
11721
11748
11770
11793
11796
11811
11815
11818
11910
11914
11923
11925
11944
11985
11993
12053
12122
12123
12126
12136
12138
12140
12141
12142
12144
12171
12180
12189
12206
12212
12215
12216
12233
12234
12238
12256
12262
12266
12277
12317
12338
12382
12389
12392
12395
12397
12403
12441
12445
12459
12471
12540
12545
12570
12576
12581
12587
12589
12603
12615
12631
12635
12669
12689
12691
12726
12756
12788
12789
12825
12840
12850
12868
12884
12886
12895
12945
12950
13003
13011
13025
13028
13032
13046
13070
13092
13099
13114
13124
13125
13135
13189
13200
13204
13227
13241
13286
13292
13323
13326
13328
13329
13341
13342
13354
13365
13369
13375
13380
13381
13397
13406
13407
13421
13427
13474
13480
13486
13498
13501
13510
13525
13531
13553
13554
13561
13580
13597
13599
13600
13608
13623
13646
13693
13700
13712
13714
13789
13800
13824
13839
13842
13866
13902
13941
13988
13990
14007
14027
14084
14169
14182
14186
14256
14268
14282
14311
14324
14359
14363
14370
14384
14385
14405
14412
14418
14446
14450
14466
14470
14477
14489
14535
14555
14561
14565
14590
14623
14624
14626
14650
14790
14791
14793
14808
14820
14822
14824
14827
14828
14836
14897
14908
14918
14934
14954
14960
15084
15092
15106
15110
15203
15208
15247
15248
15267
15290
15291
15302
15343
15354
15360
15417
15459
15487
15521
15708
15709
15855
16188
16401
16453
16456
16477
16478
16531
16597
16650
16665
16710
16721
16729
16878
16932
16936
17035
17059
17074
17110
17115
17197
17239
17243
17252
17764
18699
18705
20021
20064
20158
20185
20192
20204
20423
20548
20653
20779
20783
20904
20993
21061
21186
21237
21238
21244
21429
21440
21487
21496
21503
21504
21508
21519
21763
21777
21828
22059
22140
22205
22207
22221
22260
22325
22461
22532
22612
22668
22794
22815
22829
22974
23002
23006
23027
23084
23088
23195
23220
23224
23252
23291
23528
23697
23714
23767
23774
23793
23809
23810
23812
23877
23943
23945
23946
23973
23978
23988
24008
24021
24032
24069
24113
24157
24186
24197
24198
24216
24219
24224
24225
24287
24291
24293
24344
24350
24352
24363
24379
24381
24382
24393
24396
24405
24409
24415
24436
24440
24468
24473
24474
24486
24522
24538
24539
24543
24547
24607
24608
24617
24678
24689
24704
24708
24720
24731
24779
24782
24783
24800
24803
24813
24832
24844
24856
24858
24870
24878
24888
24893
24908
24920
24925
24926
24931
24975
24978
24982
25000
25021
25025
25056
25062
25080
25099
25108
25110
25111
25115
25119
25124
25130
25146
25157
25166
25167
25180
25186
25202
25216
25234
25279
25283
25313
25331
25338
25340
25341
25356
25357
25390
25422
25431
25434
25495
25509
25536
25572
25573
25579
25631
25633
25647
25665
25670
25737
25747
25749
25777
25783
25804
25806
25807
25848
25859
25870
25874
25877
25878
25880
25895
25896
25944
25980
25983
25987
26004
26011
26012
26013
26019
26021
26037
26038
26061
26069
26523
26905
27760
27773
27786
27794
27810
27823
27828
27842
27845
27903
27914
27923
27925
27928
27930
27937
27957
27965
27981
27997
28018
28034
28078
28118
28125
28130
28139
28145
28176
28180
28182
28194
28195
28216
28231
28253
28256
28295
28303
28320
28322
28323
28338
28340
28349
28397
28414
28435
28462
28477
28502
28556
28564
28590
28608
28622
28629
28648
28678
28700
28701
28704
28733
28742
28758
28762
28765
28787
28853
28858
28877
28900
28917
28924
28930
28938
28940
29001
29011
29015
29028
29052
29085
29095
29105
29108
29127
29131
29133
29150
29156
29169
29173
29206
29234
29241
29262
29274
29278
29287
29318
29323
29345
29353
29356
29381
29382
29386
29389
29392
29435
29492
29496
29497
29511
29609
29621
29647
29649
29661
29705
29709
29710
29722
29733
29734
29736
29751
29755
29791
29804
29830
29854
29868
29870
29875
29887
29891
29900
29901
29910
29942
29968
29984
30006
30025
30032
30034
30059
30087
30094
30095
30098
30128
30138
30146
30161
30203
30219
30231
30260
30293
30298
30310
30354
30383
30399
30400
30477
30490
30530
30534
30536
30539
30576
30584
30598
30608
30612
30637
30651
30671
30697
30822
30847
30861
30865
30870
30990
31007
31022
31143
31147
31166
31168
31203
31223
31224
31227
31427
31448
31453
31460
31477
31549
31554
31564
31586
31587
31600
31607
31622
31673
31707
31843
31846
31849
31881
31887
60832
60835
60846
60894
60901
60914
60950
60969
60979
60992
61142
61143
61155
61181
61321
61325
61339
61355
61388
61396
61401
61404
61405
61408
61409
61410
61413
61420
61439
61443
61483
61489
61494
61513
61519
61552
61557
61560
61562
61567
61570
61574
61576
61581
61587
61591
61596
61600
61640
61676
61703
61725
61730
61732
61739
61795
61859
61871
61900
61941
61996
62016
62036
62107
62237
62266
62336
62338
62374
62378
62388
62399
62406
62494
62516
62590
62599
62602
62634
62655
62667
62686
62691
62730
62732
62745
62756
62784
62823
62897
62922
62967
62977
62990
63052
63070
63080
63102
63138
63172
63180
63196
63338
63417
63422
63447
63454
63500
63501
63525
63527
63559
63600
63605
63621
63641
63643
63645
63651
63667
63669
63678
63690
63724
63728
63739
63754
63763
63766
63789
63800
63803
63863
63866
63870
63874
63876
63892
63898
63907
63919
63927
63951
63980
64004
64030
64048
64061
64088
64096
64103
64135
64156
64160
64162
64165
64166
64175
64275
64302
64304
64306
64323
64332
64341
64346
64356
64375
64383
64389
64397
64410
64480
64486
64568
64595
64630
64766
64768
64821
64853
64891
64896
64901
64925
64942
64991
64994
64997
65006
65009
65026
65105
65108
65142
65144
65156
65163
65215
65236
65275
65290
65317
65350
65399
65406
65417
65421
65430
65459
65466
65494
65521
65552
65554
65576
65609
65622
65643
65671
65676
65681
65706
65710
65718
65739
65772
65831
65886
65967
66016
66032
66065
66265
66368
66379
66393
66435
66438
66446
66468
66588
66599
66708
105365
106900
109826
109926
110065
110382
110685
110721
110732
110760
111103
111491
111864
112004
112033
112168
112178
112775
112968
113270
113272
113301
113361
113362
113419
114303
114524
114628
114777
115873
116104
116503
116504
116772
116787
116857
117768
117862
117902
118121
118122
118267
118321
118502
118577
118795
119216
119217
119275
119314
119417
119753
119756
120048
120093
120134
120297
120301
120302
120359
120458
120877
121077
121142
121153
121440
121656
121673
121718
122061
122172
122255
122380
122394
122778
122841
122902
122921
123097
124038
124050
124198
124254
124319
124361
124435
124614
124775
125014
125275
125533
125595
126296
126423
126554
126599
126615
126721
127094
127439
128759
128978
130200
130762
132502
132525
133170
133288
133366
133367
133432
133547
133726
133768
134144
134164
134845
135484
135788
135986
135990
136648
136725
137024
137131
137232
137602
138321
138607
138741
138743
139662
139804
140027
140073
140541
140569
140676
140760
140897
141178
141321
141384
141400
141497
141847
141913
142260
142382
142459
142460
142748
142811
142814
142953
142956
143356
143527
143605
143689
143974
144066
144396
144436
144520
144559
145041
145046
145049
145367
145552
145701
145854
145911
145977
146017
146036
146171
147305
147452
147579
147658
147660
147661
147708
147988
148217
148281
148469
148470
148650
148870
148950
149070
149268
149318
149337
149738
150139
150258
150278
150699
152149
153028
153813
154039
154056
155394
156153
156155
156633
157057
157153
157218
157355
157855
158354
158473
160183
160255
160256
160329
160376
160415
160416
160479
160505
160600
160706
160785
160888
160912
161013
161040
162160
162175
162336
162385
162404
162459
162988
163610
163627
163629
163878
163879
163884
163891
163893
163929
163946
163977
163983
163987
164296
164363
164422
164471
164572
164680
164708
164755
165052
165123
165244
165264
165675
165746
165845
165855
165914
165993
166213
166451
166593
174077
174310
174389
174490
174663
174729
175263
175319
175404
176022
176282
176362
176404
176556
176567
176591
176701
177376
177429
177780
177881
177924
177982
178507
178538
178608
178738
178767
178803
178806
179077
179132
179299
179534
179657
179700
179819
179843
180167
180395
180402
180466
181931
260774
260778
260893
264506
264708
266315
