lnths	lnemp	mico	mppa	mgfa	s	t
6.429719	12.9382	1	0	0	1	1
6.251904	12.94395	1	0	0	1	2
6.104793	12.9461	1	0	0	1	3
6.109248	12.93724	1	0	0	1	4
6.115892	12.95984	1	0	0	1	5
6.824374	13.0074	1	0	0	1	6
7.357556	13.0355	1	0	0	1	7
7.504942	13.07611	1	0	0	1	8
7.736743	13.12456	1	0	0	1	9
7.778212	13.17515	1	0	0	1	10
7.99193	13.20265	1	0	0	1	11
8.14584	13.18984	1	0	0	1	12
8.024862	13.14881	1	0	0	1	13
8.218248	13.14588	1	0	0	1	14
8.513988	13.16043	1	0	0	1	15
8.883502	13.18365	1	0	0	1	16
8.869679	13.19599	1	0	0	1	17
6.620073	12.84397	0	1	1	2	1
7.467371	12.86204	0	1	1	2	2
7.033506	12.88563	0	1	1	2	3
7.086738	12.88512	0	1	1	2	4
6.856462	12.92269	0	1	1	2	5
7.153834	12.99793	0	1	1	2	6
7.5148	13.05194	0	1	1	2	7
7.877018	13.10236	0	1	1	2	8
7.767264	13.14764	0	1	1	2	9
8.194229	13.17874	1	1	1	2	10
8.189244	13.17893	1	1	1	2	11
8.027476	13.13824	1	1	1	2	12
7.886081	13.08591	1	1	1	2	13
8.494129	13.09602	1	1	1	2	14
9.336267	13.12715	1	1	1	2	15
9.474856	13.16753	1	1	1	2	16
9.465137	13.19877	1	1	1	2	17
3.912023	12.19552	0	0	0	3	1
3.912023	12.20657	0	0	0	3	2
5.164786	12.22734	0	0	0	3	3
5.164786	12.22047	0	0	0	3	4
5.164786	12.23757	0	0	0	3	5
5.164786	12.27793	0	0	0	3	6
5.697093	12.32252	1	0	0	3	7
5.891644	12.36478	1	1	0	3	8
6.553934	12.41146	1	1	0	3	9
6.672033	12.45332	1	1	0	3	10
6.656726	12.47534	1	1	0	3	11
6.864848	12.45877	1	1	0	3	12
6.945051	12.42481	1	1	0	3	13
7.222566	12.43321	1	1	0	3	14
7.50769	12.45761	1	1	0	3	15
7.654443	12.48295	1	1	0	3	16
7.594884	12.50618	1	1	0	3	17
9.690542	14.77237	0	0	1	4	1
9.722625	14.79169	0	1	1	4	2
9.774005	14.79826	0	1	1	4	3
9.812687	14.78705	0	1	1	4	4
9.629511	14.80747	0	1	1	4	5
9.769957	14.86486	0	1	1	4	6
10.14176	14.89051	0	1	1	4	7
10.18547	14.91038	0	1	1	4	8
10.33322	14.93582	0	1	1	4	9
10.65768	14.9568	1	1	1	4	10
10.6703	14.94968	1	1	1	4	11
10.44103	14.90904	1	1	1	4	12
10.38533	14.85267	1	1	1	4	13
10.45932	14.84338	1	1	1	4	14
10.66357	14.85939	1	1	1	4	15
10.76496	14.88153	1	1	1	4	16
10.87631	14.90629	1	1	1	4	17
7.383989	12.89922	0	0	0	5	1
7.372118	12.89496	0	0	0	5	2
7.627544	12.90271	0	0	0	5	3
7.540622	12.87518	0	0	0	5	4
7.252054	12.88993	0	0	0	5	5
7.875879	12.9394	0	0	0	5	6
8.167068	12.96968	0	0	0	5	7
8.201385	13.0002	0	0	0	5	8
8.229511	13.02122	0	0	0	5	9
8.734399	13.03768	0	0	0	5	10
8.375629	13.0431	0	0	0	5	11
8.349957	13.01967	0	0	0	5	12
8.333991	12.95158	0	0	0	5	13
8.396606	12.95937	0	0	0	5	14
9.008224	12.97154	0	0	0	5	15
9.407387	12.98126	0	0	0	5	16
9.483493	12.99476	0	0	0	5	17
9.027979	14.15055	0	0	0	6	1
9.034677	14.17095	0	1	1	6	2
9.076238	14.17897	0	1	1	6	3
8.905987	14.17214	0	1	1	6	4
8.835938	14.18307	0	1	1	6	5
9.512295	14.23244	0	1	1	6	6
9.717399	14.25904	1	1	1	6	7
9.633842	14.28451	1	1	1	6	8
9.770299	14.30911	1	1	1	6	9
9.879604	14.32678	1	1	1	6	10
9.790095	14.3257	1	1	1	6	11
9.699472	14.30009	1	1	1	6	12
9.495594	14.25711	1	1	1	6	13
9.420682	14.23829	1	1	1	6	14
9.986173	14.2415	1	1	1	6	15
9.896966	14.24969	1	1	1	6	16
9.98253	14.26116	1	1	1	6	17
10.84025	15.78673	0	0	0	7	1
10.80115	15.79058	0	0	0	7	2
10.75886	15.80164	0	0	0	7	3
10.82421	15.79715	1	0	0	7	4
10.8821	15.80521	1	0	0	7	5
11.00813	15.83976	1	0	0	7	6
11.13449	15.86337	1	0	0	7	7
11.1904	15.88337	1	0	0	7	8
11.25672	15.90235	1	0	0	7	9
11.41742	15.91805	1	0	0	7	10
11.44579	15.92534	1	0	0	7	11
11.40614	15.92116	1	0	0	7	12
11.22089	15.88069	1	0	0	7	13
11.29539	15.86061	1	0	0	7	14
11.57689	15.86346	1	0	0	7	15
11.62847	15.87203	1	0	0	7	16
11.70821	15.87886	1	0	0	7	17
9.610123	14.92315	0	0	0	8	1
9.69116	14.93406	0	1	0	8	2
9.769957	14.94656	0	1	0	8	3
9.695171	14.94456	0	1	0	8	4
9.73761	14.9677	0	1	0	8	5
10.07761	15.01824	0	1	0	8	6
10.16373	15.04342	1	1	0	8	7
10.17172	15.06487	1	1	0	8	8
10.37343	15.08984	1	1	0	8	9
10.43161	15.11051	1	1	0	8	10
10.38866	15.12108	1	1	0	8	11
10.30347	15.10615	1	1	0	8	12
10.28667	15.0679	1	1	0	8	13
10.35612	15.05617	1	1	0	8	14
10.65141	15.0663	1	1	0	8	15
10.80602	15.08325	1	1	0	8	16
10.91066	15.09664	1	1	0	8	17
9.95142	15.3854	0	1	0	9	1
9.914971	15.37431	0	1	0	9	2
9.75823	15.3692	0	1	0	9	3
9.78774	15.33723	0	1	0	9	4
9.672312	15.32497	0	1	0	9	5
10.0951	15.35341	0	1	0	9	6
10.16593	15.3695	0	1	0	9	7
10.1721	15.38223	0	1	0	9	8
10.37814	15.40782	0	1	0	9	9
10.57623	15.43325	0	1	0	9	10
10.62047	15.45227	0	1	0	9	11
10.62298	15.4584	0	1	0	9	12
10.66618	15.44155	0	1	0	9	13
10.77939	15.43994	0	1	0	9	14
10.98324	15.44921	0	1	0	9	15
11.04797	15.46271	0	1	0	9	16
11.10125	15.47433	0	1	0	9	17
9.814766	15.3162	0	0	0	10	1
9.731869	15.28968	0	0	0	10	2
9.589735	15.27823	0	0	0	10	3
9.769957	15.23241	1	0	0	10	4
9.568154	15.22467	1	0	0	10	5
9.900683	15.26483	1	0	0	10	6
10.1777	15.29094	1	1	0	10	7
10.37068	15.31321	1	1	0	10	8
10.49557	15.33778	1	0	0	10	9
10.76585	15.3632	1	0	0	10	10
10.94026	15.38774	1	0	0	10	11
11.0037	15.40113	1	0	0	10	12
10.98372	15.38799	1	0	0	10	13
11.14439	15.39402	1	0	0	10	14
11.36209	15.40847	1	0	0	10	15
11.55909	15.44003	1	0	0	10	16
11.63338	15.4682	1	0	0	10	17
8.849371	14.62033	0	1	0	11	1
8.462103	14.5714	0	1	0	11	2
8.545587	14.56428	0	1	0	11	3
8.548498	14.52256	0	1	0	11	4
8.290042	14.5233	0	1	0	11	5
9.030496	14.56801	0	1	0	11	6
9.276128	14.58959	0	1	0	11	7
9.421087	14.61383	0	1	0	11	8
9.70235	14.65055	1	1	0	11	9
10.1843	14.68914	1	1	0	11	10
10.10887	14.72349	1	1	0	11	11
9.957644	14.74052	1	1	0	11	12
10.00807	14.73472	1	1	0	11	13
10.18535	14.75325	1	1	0	11	14
10.56181	14.78131	1	1	0	11	15
10.62903	14.81345	1	1	0	11	16
10.72911	14.8403	1	1	0	11	17
10.16566	15.40066	1	1	0	12	1
10.06407	15.39455	1	1	0	12	2
9.829895	15.36992	1	1	0	12	3
9.799515	15.34011	1	1	0	12	4
9.919459	15.32636	1	1	0	12	5
10.17839	15.35716	1	1	0	12	6
10.39608	15.37477	1	1	0	12	7
10.42984	15.38219	1	1	0	12	8
10.469	15.4105	1	1	0	12	9
10.90292	15.44426	1	1	0	12	10
10.93414	15.46684	1	1	0	12	11
11.11364	15.48101	1	1	0	12	12
11.13492	15.47021	1	1	0	12	13
11.26389	15.47086	1	1	0	12	14
11.51136	15.48896	1	1	0	12	15
11.7602	15.51349	1	1	0	12	16
11.8098	15.53704	1	1	0	12	17
9.589804	15.1067	0	1	0	13	1
9.769957	15.0518	1	1	0	13	2
9.161255	15.02876	1	1	0	13	3
9.211639	14.97657	1	1	0	13	4
9.319912	14.98585	1	1	0	13	5
9.972174	15.03368	1	1	0	13	6
10.5321	15.08569	1	1	0	13	7
10.5321	15.11224	1	1	0	13	8
10.51602	15.13347	1	1	0	13	9
10.69689	15.15555	1	1	0	13	10
10.6687	15.18219	1	1	0	13	11
10.62859	15.19418	1	1	0	13	12
10.59908	15.1742	1	1	0	13	13
10.82253	15.18349	1	1	0	13	14
11.17786	15.20325	1	1	0	13	15
11.434	15.23785	1	1	0	13	16
11.6453	15.26804	1	1	0	13	17
9.080345	14.48856	0	0	0	14	1
8.908424	14.47722	0	1	0	14	2
8.995785	14.4695	0	1	0	14	3
8.809265	14.43968	0	1	0	14	4
8.954415	14.44	0	1	0	14	5
9.290722	14.48293	0	1	0	14	6
9.485393	14.50017	1	1	0	14	7
9.670735	14.52054	1	1	0	14	8
9.772696	14.55248	1	1	0	14	9
10.04603	14.58955	1	1	0	14	10
10.07441	14.62038	1	1	0	14	11
10.05048	14.64472	1	1	0	14	12
10.01887	14.64929	1	1	0	14	13
10.14863	14.67328	1	1	0	14	14
10.299	14.69626	1	1	0	14	15
10.4441	14.72811	1	1	0	14	16
10.56615	14.75493	1	1	0	14	17
9.593015	14.38479	0	0	0	15	1
9.642512	14.3866	0	0	0	15	2
8.966612	14.38156	0	0	0	15	3
8.948456	14.35042	0	0	0	15	4
8.863333	14.3569	1	0	0	15	5
9.373564	14.41424	1	0	0	15	6
9.519074	14.43904	1	0	0	15	7
10.0265	14.45341	1	1	0	15	8
9.848081	14.48973	1	1	0	15	9
10.08063	14.52261	1	1	0	15	10
10.08389	14.55114	1	1	0	15	11
10.02087	14.57008	1	1	0	15	12
10.10078	14.57482	1	1	0	15	13
10.22684	14.59708	1	1	0	15	14
10.44191	14.62319	1	1	0	15	15
10.61991	14.65293	1	1	0	15	16
10.68339	14.68202	1	1	0	15	17
8.057378	13.93923	0	0	0	16	1
7.876638	13.91978	0	0	0	16	2
7.691657	13.9004	0	0	0	16	3
7.467371	13.85656	0	0	0	16	4
7.52564	13.85512	0	0	0	16	5
7.887584	13.88755	0	0	0	16	6
7.912057	13.88709	0	1	0	16	7
8.122372	13.88671	0	1	0	16	8
8.422882	13.91906	1	1	0	16	9
8.456168	13.96065	1	1	0	16	10
8.585412	13.99792	1	1	0	16	11
8.471149	14.01951	1	1	0	16	12
8.562549	14.02909	1	1	0	16	13
9.328213	14.04073	1	1	0	16	14
9.427224	14.06128	1	1	0	16	15
9.519221	14.09307	1	1	0	16	16
9.478916	14.1216	1	1	0	16	17
9.040975	14.51419	0	0	0	17	1
9.012743	14.49344	0	0	0	17	2
8.807323	14.48657	0	0	0	17	3
8.973478	14.46908	0	0	0	17	4
8.721439	14.47665	1	0	0	17	5
9.100526	14.52488	1	0	0	17	6
9.375686	14.55492	1	1	0	17	7
9.454227	14.57753	1	1	0	17	8
9.577965	14.60297	1	1	0	17	9
9.795791	14.63039	1	1	0	17	10
9.900182	14.65492	0	1	0	17	11
9.892629	14.6678	0	1	0	17	12
9.909022	14.65237	0	1	0	17	13
10.05552	14.66297	0	1	0	17	14
10.24292	14.68869	0	1	0	17	15
10.39044	14.71993	0	1	0	17	16
10.44062	14.74013	0	1	0	17	17
5.164786	12.40574	0	0	0	18	1
5.164786	12.40983	0	0	0	18	2
3.912023	12.42681	0	0	0	18	3
3.912023	12.42802	0	0	0	18	4
4.532599	12.43161	0	0	0	18	5
4.543295	12.43917	1	0	0	18	6
5.501258	12.43718	1	0	0	18	7
5.713733	12.42882	1	0	0	18	8
5.278115	12.44035	1	1	0	18	9
5.940171	12.45566	1	1	0	18	10
6.059123	12.46997	1	1	0	18	11
5.897154	12.49088	1	1	0	18	12
5.981414	12.5084	1	1	0	18	13
5.926926	12.53249	1	1	0	18	14
6.322565	12.55954	1	1	0	18	15
6.929517	12.59439	1	1	0	18	16
6.998509	12.61752	1	1	0	18	17
5.164786	12.39421	0	0	0	19	1
4.49981	12.38003	0	0	0	19	2
4.779123	12.37159	0	0	0	19	3
5.278115	12.3467	0	0	0	19	4
5.517453	12.36862	1	0	0	19	5
6.102559	12.41714	1	0	0	19	6
6.447306	12.42681	1	0	0	19	7
6.51323	12.43679	1	0	0	19	8
6.692084	12.45644	1	0	0	19	9
6.760415	12.49163	1	1	0	19	10
6.870053	12.52816	1	1	0	19	11
6.400258	12.57314	1	1	0	19	12
6.120297	12.59947	1	1	0	19	13
6.620073	12.64013	1	1	0	19	14
6.875232	12.67201	1	1	0	19	15
7.467371	12.71289	1	1	0	19	16
7.467371	12.74694	1	1	0	19	17
7.535297	13.35538	0	0	0	20	1
7.543803	13.34966	0	0	0	20	2
7.526718	13.34262	0	0	0	20	3
7.34601	13.32089	0	0	0	20	4
7.223296	13.32253	1	0	0	20	5
7.739359	13.36201	1	0	0	20	6
7.893572	13.3855	1	0	0	20	7
7.467371	13.38857	1	0	0	20	8
8.229511	13.41084	1	1	0	20	9
8.583917	13.44169	1	1	0	20	10
8.72437	13.4702	1	1	0	20	11
8.809713	13.50094	1	1	0	20	12
8.9422	13.51332	1	1	0	20	13
9.076809	13.52796	1	1	0	20	14
9.294957	13.5505	1	1	0	20	15
9.337414	13.58748	1	1	0	20	16
9.540075	13.61266	1	1	0	20	17
7.161622	13.76084	0	0	0	21	1
7.112328	13.75862	0	0	0	21	2
7.041412	13.7639	0	1	0	21	3
7.41216	13.73365	0	1	0	21	4
7.349874	13.73387	0	1	0	21	5
7.777374	13.77552	1	1	0	21	6
7.934155	13.78288	1	1	0	21	7
7.982075	13.80019	1	1	0	21	8
8.215007	13.8206	1	1	0	21	9
8.84058	13.8503	1	1	0	21	10
9.023046	13.87773	1	1	0	21	11
8.927181	13.90031	1	1	0	21	12
9.201602	13.90663	1	1	0	21	13
9.166389	13.92437	1	1	0	21	14
9.457513	13.94064	1	1	0	21	15
9.628655	13.96892	1	1	0	21	16
9.758808	13.99616	1	1	0	21	17
7.319202	12.45566	0	0	0	22	1
7.415175	12.46535	0	0	0	22	2
7.28961	12.46535	0	0	0	22	3
7.36834	12.46535	0	0	0	22	4
7.269617	12.49163	0	0	0	22	5
7.855932	12.54255	0	0	0	22	6
8.106816	12.58929	0	0	0	22	7
8.056109	12.62215	0	0	0	22	8
8.222822	12.67826	0	0	0	22	9
8.468003	12.71949	0	0	0	22	10
8.569216	12.74985	0	0	0	22	11
8.445912	12.75881	0	0	0	22	12
8.417594	12.74198	0	0	0	22	13
8.298041	12.74052	0	0	1	22	14
8.538367	12.76168	0	0	1	22	15
8.49126	12.78269	0	0	1	22	16
8.732143	12.81148	0	0	1	22	17
8.836083	14.34101	0	0	0	23	1
8.809265	14.35306	0	0	0	23	2
8.922125	14.35539	0	1	0	23	3
8.782169	14.3318	0	1	0	23	4
8.829958	14.36022	0	1	0	23	5
9.221676	14.41105	0	1	0	23	6
9.549879	14.45092	1	1	0	23	7
9.570251	14.48437	1	1	0	23	8
10.06429	14.52256	1	1	0	23	9
9.755626	14.55854	1	1	0	23	10
9.963406	14.58339	1	1	0	23	11
10.00785	14.59079	1	1	0	23	12
9.745488	14.55735	1	1	0	23	13
9.793226	14.5485	1	1	0	23	14
10.11257	14.55859	1	1	0	23	15
10.29593	14.57902	1	1	0	23	16
10.40991	14.59607	1	1	0	23	17
8.767952	14.56457	0	0	0	24	1
8.826	14.58432	0	0	0	24	2
9.068546	14.58599	0	0	0	24	3
8.9969	14.5793	0	0	0	24	4
9.102644	14.6071	1	0	0	24	5
9.314791	14.66279	1	0	0	24	6
9.530103	14.71352	1	1	0	24	7
9.615672	14.75462	1	1	0	24	8
9.718723	14.80148	1	1	0	24	9
9.903137	14.83526	1	1	0	24	10
10.00852	14.867	1	1	0	24	11
10.12355	14.87894	1	1	0	24	12
10.0332	14.8554	1	1	0	24	13
10.26514	14.86227	1	1	0	24	14
10.46502	14.88672	1	1	0	24	15
10.67262	14.91532	1	1	0	24	16
10.82134	14.93709	1	1	0	24	17
6.966967	13.39787	0	1	0	25	1
6.883462	13.3784	0	1	0	25	2
6.985642	13.35109	0	1	0	25	3
6.888573	13.3176	0	1	0	25	4
6.405229	13.27474	0	1	0	25	5
6.865891	13.299	0	1	0	25	6
7.01661	13.30001	0	1	0	25	7
7.000334	13.30051	1	1	0	25	8
7.344719	13.30302	1	1	0	25	9
7.655864	13.32089	1	1	0	25	10
8.0077	13.32889	1	1	0	25	11
7.957177	13.35363	1	1	0	25	12
7.865955	13.35205	1	1	0	25	13
7.918629	13.36922	1	1	0	25	14
8.124447	13.38872	1	1	0	25	15
8.198364	13.42188	1	1	0	25	16
8.41671	13.44125	1	1	0	25	17
8.436851	14.67967	0	0	0	26	1
8.327968	14.68261	0	0	0	26	2
8.434898	14.68747	0	0	0	26	3
8.606668	14.66865	0	0	0	26	4
8.728264	14.69895	0	0	0	26	5
9.103645	14.75755	0	0	0	26	6
9.448096	14.79052	0	1	0	26	7
9.619532	14.82496	0	1	0	26	8
9.880065	14.86724	0	1	0	26	9
10.2897	14.90965	0	1	0	26	10
10.24509	14.93846	0	1	0	26	11
10.33006	14.95261	0	1	0	26	12
10.26782	14.9379	0	1	0	26	13
10.55232	14.9551	0	1	0	26	14
10.81886	14.99253	0	1	0	26	15
11.0069	15.02712	0	1	0	26	16
11.10479	15.05663	0	1	0	26	17
7.685703	13.97763	0	0	0	27	1
7.772753	13.98845	0	0	0	27	2
7.749322	13.99483	0	0	0	27	3
7.681099	13.96591	0	0	0	27	4
7.901007	13.98862	0	0	0	27	5
8.349721	14.0486	0	0	0	27	6
8.584291	14.07495	0	1	0	27	7
8.762489	14.10669	0	1	0	27	8
9.015784	14.1464	1	1	0	27	9
9.556692	14.18638	1	1	0	27	10
9.608982	14.22078	1	1	0	27	11
9.82612	14.25053	1	1	0	27	12
9.722205	14.22987	1	1	0	27	13
10.2157	14.23927	1	1	0	27	14
10.17991	14.26665	1	1	0	27	15
10.45493	14.29	1	1	0	27	16
10.57352	14.31392	1	1	0	27	17
8.95157	14.57046	0	0	0	28	1
8.976009	14.58534	0	0	0	28	2
8.901503	14.60333	0	0	0	28	3
9.068431	14.60465	0	0	0	28	4
9.258464	14.63947	0	0	0	28	5
9.589188	14.71107	0	0	0	28	6
9.990628	14.75934	0	0	0	28	7
10.10033	14.79849	0	0	0	28	8
9.921082	14.83868	0	0	0	28	9
10.29265	14.87188	0	0	0	28	10
10.35153	14.89429	0	0	0	28	11
10.48559	14.91139	0	0	0	28	12
10.36581	14.89307	0	0	0	28	13
10.67119	14.90985	0	0	0	28	14
10.8826	14.94988	0	0	0	28	15
11.11828	14.99905	0	0	0	28	16
11.29722	15.03996	0	0	0	28	17
9.861154	15.03374	0	0	0	29	1
9.773151	15.08981	0	0	0	29	2
9.822603	15.13353	0	0	0	29	3
9.870396	15.14043	0	0	0	29	4
9.88949	15.17787	0	0	0	29	5
10.18573	15.25159	0	0	0	29	6
10.7283	15.29939	0	0	0	29	7
10.73009	15.34144	0	0	0	29	8
10.83415	15.3941	0	0	0	29	9
11.21795	15.43818	0	0	0	29	10
11.32903	15.47581	0	0	0	29	11
11.44211	15.49957	0	0	0	29	12
11.55559	15.48214	0	0	0	29	13
11.75149	15.49423	0	0	0	29	14
12.03484	15.53316	0	0	0	29	15
12.25839	15.57327	0	0	0	29	16
12.52565	15.60662	0	0	0	29	17
8.118505	14.03497	0	0	0	30	1
7.855157	14.00613	0	0	0	30	2
7.612831	13.99449	0	0	0	30	3
7.747165	13.96453	0	0	0	30	4
8.081475	13.95727	1	1	0	30	5
8.454679	14.00927	1	1	0	30	6
8.659907	14.03889	1	1	0	30	7
8.762489	14.05775	1	1	0	30	8
8.742095	14.09934	1	1	0	30	9
9.123801	14.13897	1	1	0	30	10
9.29771	14.17528	1	1	0	30	11
9.433884	14.20111	1	1	0	30	12
9.547313	14.20397	1	1	0	30	13
9.698368	14.22663	1	1	0	30	14
9.992002	14.25241	1	1	0	30	15
10.02336	14.28376	1	1	0	30	16
10.04529	14.31191	1	1	0	30	17
8.282736	14.39061	0	0	0	31	1
8.229511	14.37318	0	0	0	31	2
8.144969	14.37821	1	0	0	31	3
8.41516	14.3479	1	0	0	31	4
8.713253	14.35725	1	0	0	31	5
8.957897	14.40994	1	1	0	31	6
9.256269	14.44027	1	1	0	31	7
9.769957	14.47293	1	1	0	31	8
9.417842	14.51444	1	1	0	31	9
9.987875	14.55368	1	1	0	31	10
10.08322	14.58895	1	1	0	31	11
10.08752	14.60087	1	1	0	31	12
10.20348	14.59649	1	1	0	31	13
10.47655	14.62422	1	1	0	31	14
10.57984	14.66074	1	1	0	31	15
10.72974	14.70052	1	1	0	31	16
10.84287	14.7314	1	1	0	31	17
7.223296	14.12446	0	0	0	32	1
7.610853	14.12012	0	0	0	32	2
7.397562	14.11384	0	0	0	32	3
7.75876	14.08744	0	0	0	32	4
7.8144	14.09979	0	0	0	32	5
8.281724	14.14316	0	0	0	32	6
8.56484	14.17115	0	0	0	32	7
8.422663	14.19621	0	0	0	32	8
8.690138	14.2261	1	0	1	32	9
8.856519	14.25936	1	0	1	32	10
9.072227	14.28626	1	0	1	32	11
9.401126	14.30758	1	0	1	32	12
9.344084	14.31143	1	0	1	32	13
9.743378	14.33103	1	0	1	32	14
10.05664	14.35597	1	0	1	32	15
10.11338	14.37997	1	0	1	32	16
10.42195	14.4053	1	0	1	32	17
5.26269	13.63889	0	0	0	33	1
5.849325	13.62834	0	0	0	33	2
5.958425	13.61596	0	0	0	33	3
6.061457	13.58093	0	0	0	33	4
6.230482	13.58333	0	0	0	33	5
6.620073	13.61803	0	0	0	33	6
7.019297	13.63985	0	0	0	33	7
7.12206	13.65087	0	0	0	33	8
7.21524	13.66979	0	1	0	33	9
7.939872	13.70592	0	1	0	33	10
8.04719	13.73137	0	1	0	33	11
8.669399	13.75001	0	1	0	33	12
8.971194	13.75097	0	1	0	33	13
9.026538	13.775	0	1	0	33	14
9.014934	13.81781	0	1	0	33	15
9.278186	13.86952	0	1	0	33	16
9.480749	13.88737	0	1	0	33	17
6.948897	13.52703	0	0	0	34	1
7.044905	13.51751	0	1	0	34	2
7.195937	13.51454	0	1	0	34	3
6.953684	13.48715	0	1	0	34	4
6.989335	13.51616	0	1	0	34	5
7.457609	13.56731	1	1	0	34	6
7.653495	13.58874	1	1	0	34	7
7.797702	13.60947	1	1	0	34	8
7.940584	13.6371	1	1	0	34	9
8.859364	13.67095	1	1	0	34	10
9.305105	13.70279	1	1	0	34	11
9.563249	13.73593	1	1	0	34	12
9.695725	13.7498	1	1	0	34	13
9.771498	13.77791	1	1	0	34	14
9.82347	13.80949	1	1	0	34	15
9.994379	13.84904	1	1	0	34	16
10.1881	13.88261	1	1	0	34	17
9.263028	14.23251	0	0	0	35	1
9.011157	14.27224	0	0	0	35	2
9.070044	14.3044	0	0	0	35	3
9.073375	14.28988	0	0	0	35	4
9.020873	14.26352	0	0	0	35	5
9.196241	14.28645	0	0	0	35	6
9.38236	14.28	0	0	0	35	7
9.163459	14.23323	0	0	0	35	8
9.036582	14.20998	0	0	0	35	9
9.440182	14.22868	0	0	0	35	10
9.699718	14.24632	0	0	0	35	11
9.706316	14.27918	0	0	0	35	12
9.935373	14.29361	0	0	0	35	13
10.0459	14.30219	0	0	0	35	14
10.16061	14.32148	0	0	0	35	15
10.2298	14.35905	0	0	0	35	16
10.24473	14.38785	0	0	0	35	17
8.451054	13.89976	1	0	0	36	1
8.19864	13.94487	1	0	0	36	2
8.743691	13.99883	1	0	0	36	3
8.347827	14.01182	1	0	0	36	4
8.648396	13.97303	1	0	0	36	5
8.52238	13.98128	1	0	0	36	6
8.720297	13.96849	1	0	1	36	7
9.080232	13.93276	1	0	1	36	8
8.859364	13.91852	1	0	1	36	9
9.103423	13.93905	1	0	0	36	10
9.168267	13.9672	1	1	0	36	11
9.317579	13.99441	1	1	0	36	12
9.626811	14.00696	1	1	0	36	13
9.745254	14.01575	1	1	0	36	14
9.89182	14.03625	1	1	0	36	15
9.945205	14.06198	1	1	0	36	16
10.03714	14.09018	1	1	0	36	17
10.31652	15.5386	0	0	0	37	1
10.27781	15.58216	0	0	0	37	2
10.35784	15.63683	0	0	0	37	3
10.39182	15.65023	0	0	0	37	4
10.22987	15.63903	0	0	0	37	5
10.33491	15.68614	0	1	0	37	6
10.55911	15.7121	1	1	0	37	7
10.65415	15.69714	1	1	0	37	8
10.73372	15.68991	1	1	0	37	9
11.0647	15.7143	1	1	0	37	10
11.23391	15.7383	1	1	0	37	11
11.49568	15.77496	1	1	0	37	12
11.84806	15.78607	1	1	0	37	13
11.87771	15.79914	1	1	0	37	14
12.09373	15.82794	1	1	0	37	15
12.13792	15.86332	1	1	0	37	16
12.28366	15.89776	1	1	0	37	17
4.41884	12.55603	0	0	0	38	1
4.553877	12.54397	0	1	0	38	2
4.70953	12.54895	0	1	0	38	3
4.65396	12.51979	0	1	1	38	4
4.29046	12.52816	0	1	1	38	5
4.875197	12.54647	0	1	1	38	6
4.584968	12.53933	0	1	1	38	7
4.85203	12.52598	0	1	1	38	8
6.061457	12.52125	1	1	1	38	9
6.410175	12.55285	1	1	1	38	10
6.635947	12.58108	1	1	1	38	11
6.276643	12.6025	1	1	1	38	12
7.059618	12.6238	1	1	1	38	13
7.224025	12.66539	1	1	1	38	14
7.379632	12.69343	1	1	1	38	15
7.459915	12.73729	1	1	1	38	16
7.590852	12.76797	1	1	1	38	17
5.81413	12.7308	1	1	0	39	1
6.018593	12.70685	1	1	0	39	2
5.926926	12.70016	1	1	0	39	3
5.793014	12.6514	1	1	0	39	4
5.880533	12.66949	1	1	0	39	5
6.335054	12.70836	1	1	0	39	6
6.327937	12.72487	1	1	0	39	7
6.345636	12.70138	1	1	0	39	8
6.431331	12.7171	1	1	0	39	9
7.30317	12.76139	1	1	0	39	10
7.151485	12.80984	1	1	1	39	11
7.277938	12.86074	1	1	1	39	12
7.244942	12.89446	1	1	1	39	13
7.655864	12.9394	1	1	1	39	14
8.306719	12.98654	1	1	1	39	15
8.570734	13.04094	1	1	1	39	16
8.687611	13.0759	1	1	1	39	17
4.962845	12.20957	0	0	0	40	1
4.919981	12.25581	0	0	0	40	2
5.164786	12.31717	0	0	0	40	3
3.912023	12.29087	0	0	0	40	4
4.795791	12.2185	0	0	0	40	5
5.209486	12.22734	0	0	0	40	6
5.568345	12.23999	1	0	0	40	7
5.840641	12.1874	1	0	0	40	8
6.470799	12.11505	1	0	0	40	9
5.831882	12.1495	1	0	0	40	10
5.826	12.16941	1	1	0	40	11
6.063785	12.19854	1	1	0	40	12
6.580639	12.22145	1	1	0	40	13
6.526495	12.23369	1	1	0	40	14
6.602588	12.25629	1	1	0	40	15
6.634634	12.28673	1	1	1	40	16
6.866933	12.29865	1	1	1	40	17
8.916103	14.01272	0	0	0	41	1
8.91503	14.03953	0	0	0	41	2
8.819813	14.07418	0	0	0	41	3
8.722743	14.09056	0	0	0	41	4
8.825413	14.09858	1	0	0	41	5
9.191973	14.15362	1	0	0	41	6
9.25913	14.16525	1	1	0	41	7
9.769957	14.15789	1	1	0	41	8
9.10864	14.16094	1	1	0	41	9
9.475777	14.17744	1	1	0	41	10
9.535173	14.20911	1	1	0	41	11
9.543522	14.23481	1	1	0	41	12
9.685331	14.25053	1	1	0	41	13
9.92005	14.28358	1	1	0	41	14
10.24718	14.32875	1	1	0	41	15
10.43261	14.37849	1	1	0	41	16
10.52996	14.42223	1	1	0	41	17
6.546785	13.04115	0	0	0	42	1
6.685861	13.05065	1	0	0	42	2
6.822197	13.07212	1	0	0	42	3
6.960348	13.06812	1	0	0	42	4
6.778785	13.0805	1	1	0	42	5
7.204149	13.12795	1	1	0	42	6
7.185387	13.16197	1	1	0	42	7
7.319865	13.17287	1	1	0	42	8
7.758334	13.17931	1	1	0	42	9
8.123558	13.21312	1	1	0	42	10
8.122965	13.23961	1	1	0	42	11
8.215548	13.27147	1	1	0	42	12
8.450412	13.28005	1	1	0	42	13
8.680672	13.30718	1	1	0	42	14
8.886409	13.34743	1	1	0	42	15
8.895493	13.39574	1	1	0	42	16
9.135077	13.43337	1	1	0	42	17
8.477204	13.79521	0	0	0	43	1
8.455105	13.82941	0	0	0	43	2
8.40066	13.8555	0	0	0	43	3
8.46168	13.84488	0	0	0	43	4
8.819961	13.89043	1	0	0	43	5
9.286654	13.98263	1	0	0	43	6
9.769957	14.06128	1	1	1	43	7
9.349581	14.10654	1	1	1	43	8
9.376871	14.14179	1	1	1	43	9
9.819725	14.16567	1	1	1	43	10
9.93261	14.19017	1	1	1	43	11
9.949321	14.20958	1	1	1	43	12
9.857653	14.21523	1	1	1	43	13
9.986679	14.23225	1	1	1	43	14
10.27222	14.27572	1	1	1	43	15
10.60025	14.34148	1	1	1	43	16
10.83683	14.40091	1	1	1	43	17
6.89467	13.21476	0	0	0	44	1
6.867974	13.21913	0	0	0	44	2
6.647688	13.23211	0	0	0	44	3
6.827629	13.2373	0	0	0	44	4
7.214504	13.24794	0	0	0	44	5
7.761745	13.30668	0	0	0	44	6
7.774856	13.34439	0	0	0	44	7
7.995644	13.35996	1	0	0	44	8
8.162517	13.36922	1	0	0	44	9
8.83142	13.39999	1	0	0	44	10
9.162829	13.44604	1	1	0	44	11
9.395325	13.49199	1	1	0	44	12
9.242711	13.52141	1	1	0	44	13
9.102532	13.55246	1	1	0	44	14
9.833762	13.60454	1	1	0	44	15
9.845063	13.66434	1	1	0	44	16
9.887866	13.71867	1	1	0	44	17
6.840547	12.85762	0	0	0	45	1
6.834109	12.89897	0	0	0	45	2
6.642487	12.92684	0	0	0	45	3
6.693324	12.90197	0	0	0	45	4
6.844815	12.9062	1	0	0	45	5
7.241366	12.96219	1	1	0	45	6
7.357556	13.00897	1	1	0	45	7
7.392648	13.05644	1	1	0	45	8
7.49443	13.12276	1	1	1	45	9
7.993282	13.19487	1	1	1	45	10
8.513386	13.27285	1	1	1	45	11
8.502892	13.33893	1	1	1	45	12
8.446127	13.35141	1	1	1	45	13
8.583917	13.36719	1	1	1	45	14
8.950533	13.41712	1	1	1	45	15
8.95377	13.5117	1	1	1	45	16
9.19614	13.57484	1	1	1	45	17
8.635332	14.27369	1	0	0	46	1
8.468213	14.29069	1	0	0	46	2
8.628555	14.29299	1	0	0	46	3
8.229511	14.26569	1	0	0	46	4
8.33327	14.27679	1	0	0	46	5
8.772765	14.32209	1	1	0	46	6
8.613049	14.35224	1	1	0	46	7
8.940368	14.38643	1	1	0	46	8
9.198066	14.43167	1	1	0	46	9
9.519882	14.47892	1	1	0	46	10
9.596418	14.53179	1	1	0	46	11
9.670609	14.57772	1	1	0	46	12
9.702228	14.59364	1	1	0	46	13
9.852773	14.6141	1	1	0	46	14
10.13146	14.62777	1	1	0	46	15
10.24871	14.65029	1	1	0	46	16
10.2836	14.66861	1	1	0	46	17
8.105609	13.87	1	1	0	47	1
8.050703	13.85914	1	1	0	47	2
8.157084	13.83404	1	1	0	47	3
7.794411	13.77583	1	1	0	47	4
7.78239	13.78164	1	1	0	47	5
8.182	13.82239	1	1	0	47	6
8.309677	13.84507	1	1	0	47	7
8.922658	13.87236	1	1	0	47	8
8.728426	13.91091	1	1	0	47	9
9.340228	13.9577	1	1	0	47	10
9.492507	14.00265	1	1	0	47	11
9.398147	14.03633	1	1	0	47	12
9.559094	14.0344	1	1	0	47	13
9.551303	14.05264	1	1	0	47	14
9.90947	14.08432	1	1	0	47	15
10.09365	14.12512	1	1	0	47	16
10.31294	14.16504	1	1	0	47	17
11.33041	16.08398	1	1	0	48	1
11.32098	16.10286	1	1	1	48	2
11.28713	16.11662	1	1	1	48	3
11.28322	16.09894	1	1	1	48	4
11.18445	16.10984	1	1	1	48	5
11.56652	16.15635	1	1	1	48	6
11.60924	16.19226	1	1	1	48	7
11.70412	16.22115	1	1	1	48	8
11.729	16.25547	1	1	1	48	9
12.06261	16.29301	1	1	1	48	10
12.1163	16.3201	1	1	1	48	11
12.1332	16.34123	1	1	1	48	12
12.02545	16.3299	1	1	1	48	13
12.07911	16.31313	1	1	1	48	14
12.36975	16.30419	1	1	1	48	15
12.45944	16.31362	1	1	1	48	16
12.5953	16.335	1	1	1	48	17
4.644391	12.02515	0	0	0	49	1
4.682131	12.04002	0	0	0	49	2
5.164786	12.13404	0	0	0	49	3
5.164786	12.20807	0	0	0	49	4
5.433722	12.27513	1	0	1	49	5
5.828946	12.32696	1	0	1	49	6
5.926926	12.34887	1	0	1	49	7
5.81413	12.30456	1	1	1	49	8
5.910797	12.25534	1	1	1	49	9
6.115892	12.27233	1	1	1	49	10
6.326149	12.33271	1	1	1	49	11
6.887553	12.38045	1	1	1	49	12
6.590301	12.39999	1	1	1	49	13
6.376727	12.41795	1	1	1	49	14
6.785588	12.44075	1	1	1	49	15
7.285507	12.46574	1	1	1	49	16
7.152269	12.4761	1	1	1	49	17
7.187657	12.88411	0	0	0	50	1
6.915723	12.90942	0	0	0	50	2
7.28961	12.91115	0	0	0	50	3
7.097549	12.89772	0	1	0	50	4
6.903747	12.9146	0	1	0	50	5
7.181592	12.93048	0	1	0	50	6
7.267525	12.96149	0	1	0	50	7
7.428333	12.99134	1	1	0	50	8
7.442492	13.03898	1	1	0	50	9
7.913521	13.07757	1	1	0	50	10
8.101678	13.1333	1	1	0	50	11
8.368693	13.17761	1	1	0	50	12
8.363342	13.19766	1	1	0	50	13
8.215548	13.2045	1	1	0	50	14
8.48198	13.1971	1	1	0	50	15
8.229511	13.19226	1	1	0	50	16
8.229511	13.1859	1	1	0	50	17
